268 248 73
268 248 74
267 247 75
266 247 76
266 247 77
266 247 78
266 246 79
266 246 80
266 246 81
266 246 82
266 246 83
265 245 84
265 245 85
265 245 86
265 245 87
266 245 88
266 245 89
266 245 90
266 245 91
266 244 92
266 244 93
266 244 94
266 244 95
266 244 96
266 244 97
267 244 98
266 244 99
266 244 100
266 244 101
266 243 102
266 243 103
265 243 104
265 243 105
265 243 106
265 243 107
265 243 108
265 243 109
265 242 110
265 242 111
264 242 112
264 241 113
264 240 114
265 239 115
265 238 116
264 237 117
263 237 118
263 237 119
262 237 120
261 237 121
260 236 122
259 236 122
258 235 122
257 234 123
256 233 123
255 232 123
254 232 124
253 232 124
252 232 124
251 231 124
250 231 124
249 230 124
248 230 124
247 230 124
246 230 124
245 229 124
244 229 125
243 229 125
242 230 125
241 230 125
240 229 125
239 229 124
238 229 124
237 229 124
236 229 124
235 228 123
234 228 123
233 227 123
232 228 123
231 228 123
230 228 122
229 229 122
228 229 122
227 229 121
226 230 121
225 230 121
224 231 121
223 230 120
222 230 120
221 231 120
220 231 119
219 231 119
218 231 118
217 232 119
216 232 118
215 233 118
214 234 118
213 234 118
212 234 117
211 234 117
210 235 117
209 236 116
208 236 116
207 237 115
206 238 115
205 238 115
204 238 115
203 238 115
202 238 116
201 238 116
200 238 116
199 237 116
198 237 116
197 237 116
196 237 116
195 237 116
194 237 116
193 238 117
192 238 117
191 238 117
190 238 117
189 238 117
188 239 118
187 240 118
186 239 118
185 239 119
184 239 120
183 240 121
182 241 122
181 242 123
180 243 124
179 244 125
178 245 126
177 246 127
176 246 128
175 247 129
174 248 130
173 249 131
172 250 132
172 250 133
173 250 134
172 250 135
172 250 136
173 251 137
173 250 138
173 251 139
173 251 140
173 251 141
173 252 142
173 253 143
173 253 144
173 253 145
172 254 146
173 255 147
174 256 148
174 256 149
174 256 150
175 256 151
175 257 152
175 258 153
176 257 154
177 256 155
178 256 156
179 256 157
180 256 158
180 256 159
180 256 160
181 256 161
181 256 162
181 256 163
181 256 164
182 256 165
182 256 166
182 256 167
183 256 168
183 256 169
184 255 170
184 254 171
184 254 172
185 254 173
185 254 174
185 254 175
185 253 176
185 253 177
185 252 178
185 252 179
185 251 180
185 251 181
185 251 182
185 251 183
185 251 184
185 251 185
185 251 186
185 251 187
185 251 188
185 250 189
185 250 190
185 250 191
185 249 192
185 248 193
185 247 194
185 247 195
185 247 196
185 247 197
184 247 198
184 247 199
184 246 200
184 246 201
184 245 202
184 244 203
183 243 204
182 243 205
182 243 206
182 243 207
181 243 208
181 243 209
181 243 210
181 242 211
182 241 212
181 240 213
181 241 214
181 240 215
180 239 216
181 239 217
180 239 218
180 239 219
180 239 220
180 239 221
180 239 222
179 238 223
178 238 224
177 238 225
177 237 226
177 237 227
176 236 228
176 235 229
176 235 230
177 235 231
176 235 232
176 235 233
176 234 234
175 233 235
174 232 236
173 231 237
173 231 238
173 231 239
173 231 240
172 231 241
172 231 242
172 230 243
172 229 244
172 229 245
172 229 246
171 228 247
170 227 248
169 227 249
169 227 250
169 227 251
169 226 252
169 226 253
169 225 254
168 224 255
168 223 256
168 223 257
168 223 258
169 223 259
168 222 260
167 223 261
167 223 262
168 223 263
167 223 264
168 223 265
168 223 266
168 222 267
168 223 268
167 224 269
166 225 270
165 226 271
165 227 272
165 228 273
165 229 274
165 230 275
164 231 276
164 232 277
163 232 278
162 232 279
161 232 280
161 232 281
160 231 282
161 230 283
162 229 284
162 229 285
162 230 286
162 231 287
161 232 288
162 233 289
162 233 290
162 232 291
162 232 292
162 233 293
162 234 294
162 234 295
162 235 296
162 235 297
162 235 298
162 235 299
162 235 300
163 235 301
162 235 302
162 236 303
161 236 304
161 236 305
161 235 306
160 235 307
161 236 308
161 237 309
161 237 310
160 237 311
160 236 312
160 237 313
160 237 314
160 236 315
160 235 316
160 235 317
160 234 318
160 235 319
160 234 320
160 233 321
160 233 322
160 233 323
161 232 324
162 232 325
162 231 326
162 231 327
163 230 328
164 230 329
165 229 330
166 229 331
166 228 332
167 228 333
168 227 334
169 227 335
169 227 336
170 227 337
170 227 338
171 226 339
172 226 340
172 227 341
173 227 342
174 227 343
175 227 344
176 227 345
177 227 346
177 228 347
177 229 348
178 229 349
179 229 350
180 229 351
181 229 352
180 229 353
181 230 354
182 230 355
183 230 356
182 230 357
183 231 358
184 230 359
185 231 360
185 230 361
185 231 362
186 230 363
187 230 364
187 230 365
186 230 366
186 230 367
187 230 368
188 231 369
188 231 370
188 231 371
189 231 372
188 231 373
189 231 374
189 230 375
189 231 376
189 230 377
189 231 378
189 231 379
189 231 380
189 231 381
189 231 382
189 230 383
188 231 384
188 231 385
188 230 386
188 230 387
188 230 388
187 230 389
187 230 390
187 230 391
186 229 392
187 229 393
187 229 394
187 229 395
186 229 396
185 230 397
184 230 398
183 229 399
182 229 400
182 230 401
181 230 402
180 231 403
180 232 404
180 233 405
179 233 406
178 233 407
179 232 408
178 231 409
177 231 410
177 231 411
176 231 412
176 230 413
176 229 414
176 228 415
177 227 416
178 226 417
179 225 418
180 224 419
181 224 420
182 224 421
183 224 422
184 224 422
185 224 422
186 223 423
187 222 423
188 221 424
189 220 423
190 219 423
191 218 423
192 217 423
193 216 422
194 215 421
195 215 421
196 215 422
197 214 421
198 213 422
199 212 422
200 213 421
201 213 421
202 214 421
203 214 422
204 213 422
205 212 422
206 212 422
207 211 422
208 210 422
209 210 422
210 209 423
211 208 424
212 207 424
213 207 425
214 206 426
215 205 427
216 206 428
217 207 429
218 207 430
219 208 431
219 208 432
219 209 433
218 208 434
217 207 435
217 206 436
216 205 437
215 204 438
214 203 439
214 202 439
214 201 440
214 200 440
214 199 441
214 198 440
213 197 440
213 196 439
214 195 440
213 194 439
212 193 440
212 192 440
213 191 439
212 190 439
211 189 440
211 188 440
211 187 440
212 186 441
213 185 441
212 184 441
213 183 441
214 182 442
214 181 443
214 180 444
215 179 445
216 178 446
217 178 447
218 178 448
219 179 449
220 180 450
221 181 451
222 182 451
223 183 451
224 184 451
224 185 451
225 186 451
225 187 451
225 188 452
226 189 453
226 190 454
226 191 454
226 192 454
225 193 455
225 194 455
226 195 455
226 196 455
226 197 455
225 198 455
225 199 456
224 200 457
223 201 458
223 202 459
224 203 460
225 204 461
226 205 462
227 205 463
228 205 463
229 204 463
230 204 463
231 204 463
232 203 462
233 202 463
234 201 462
235 200 462
236 200 461
237 199 462
238 199 461
239 198 462
240 197 461
241 197 461
242 196 460
243 195 460
244 194 460
245 193 460
246 192 460
247 191 460
248 190 460
249 189 460
250 188 459
251 187 460
252 186 459
253 185 458
254 185 457
255 185 456
256 186 455
257 187 454
258 188 453
259 189 453
260 190 452
261 191 452
262 191 452
263 192 452
264 193 452
265 194 452
266 194 452
267 194 452
268 194 452
269 194 452
270 195 451
271 195 451
272 195 451
273 195 451
274 196 450
275 196 449
276 196 448
277 195 447
278 194 446
279 193 445
280 193 445
281 193 444
282 193 445
283 193 445
284 193 445
285 193 446
286 193 446
287 193 447
288 193 447
289 193 447
290 193 447
