305 279 80
306 279 81
307 280 81
308 281 81
309 282 81
310 283 81
311 284 81
312 285 81
313 286 81
313 287 81
314 288 81
315 289 82
316 290 83
317 291 83
318 292 84
319 292 86
319 291 87
318 290 88
319 290 89
319 290 90
320 290 91
320 290 92
321 290 93
322 290 94
322 290 95
323 290 96
323 290 97
324 290 98
324 291 99
325 290 100
325 290 101
326 290 102
326 291 103
327 290 104
328 290 105
328 290 106
328 291 107
328 291 108
329 291 109
328 292 110
328 293 111
328 293 112
329 292 113
329 292 114
329 293 115
329 293 116
329 293 117
329 293 118
329 293 119
329 293 120
329 294 121
329 294 122
329 295 123
328 295 124
328 295 125
327 295 126
327 296 127
326 296 128
325 296 129
324 296 130
323 296 131
323 297 132
322 296 133
321 296 134
320 296 135
320 296 136
319 296 137
318 296 138
317 296 139
316 297 140
316 297 141
315 297 142
315 297 143
314 296 144
313 296 145
313 295 146
312 294 147
311 294 148
311 293 149
310 294 150
310 293 151
309 293 152
309 292 153
309 292 154
310 293 155
311 292 156
311 292 157
311 291 158
311 291 159
311 290 160
312 289 160
313 289 161
314 288 162
314 289 163
314 290 163
314 291 163
313 292 163
314 293 164
314 294 165
314 295 165
315 296 166
314 297 166
314 298 166
314 299 167
314 300 168
313 300 169
312 299 170
311 298 171
310 297 172
309 296 173
308 295 174
307 294 175
306 295 176
305 296 177
304 297 178
303 298 179
302 298 180
301 297 181
300 296 182
299 297 183
298 296 184
297 295 185
296 296 186
295 297 187
294 296 188
293 295 189
292 294 190
291 293 191
290 292 192
289 291 193
288 290 194
287 289 195
286 289 196
285 290 197
284 289 198
283 288 199
282 287 200
281 286 201
280 286 202
280 286 203
279 287 204
279 286 205
278 285 206
279 285 207
278 284 208
278 284 209
278 284 210
279 283 211
278 282 212
277 281 213
277 280 214
276 280 215
276 280 216
276 279 217
275 279 218
275 278 219
275 278 220
275 277 221
275 276 222
275 276 223
275 275 224
275 274 225
274 274 226
275 273 227
274 273 228
273 272 229
273 271 230
273 270 232
272 269 233
273 269 234
272 269 235
272 268 236
272 268 237
271 267 238
270 268 238
269 267 239
268 266 240
267 265 241
266 264 242
265 263 243
264 262 244
263 261 245
262 260 246
261 259 247
260 258 248
259 257 249
258 256 250
257 255 251
256 254 252
255 253 253
254 252 254
253 251 255
252 250 256
251 249 257
250 248 258
249 247 259
248 246 260
247 245 261
246 244 262
245 243 263
244 242 264
243 241 265
242 240 266
241 239 267
240 238 268
239 237 269
238 236 270
237 235 271
236 234 272
235 233 273
234 232 274
233 231 275
232 230 276
231 229 277
230 228 278
229 227 279
228 228 280
227 229 281
226 230 282
225 231 283
224 232 284
223 233 285
222 234 286
221 235 287
220 236 288
219 237 289
218 238 290
217 237 291
216 237 292
215 237 293
214 238 294
213 239 295
212 240 296
211 241 297
210 242 298
209 243 299
208 244 300
207 245 301
206 246 302
205 247 303
204 246 304
203 245 305
202 244 306
202 244 307
202 245 308
201 245 309
202 244 310
201 243 311
200 242 312
200 241 313
200 240 314
200 239 315
200 239 316
199 240 317
199 240 318
199 241 319
199 241 320
200 241 321
201 240 322
202 239 323
201 240 324
201 241 325
200 242 326
199 241 327
198 241 328
197 241 329
196 242 329
195 243 330
194 242 330
193 242 329
192 242 330
191 243 329
190 244 328
189 245 328
188 246 328
187 246 327
186 246 327
185 247 327
184 248 328
183 249 329
182 250 329
181 251 330
180 252 331
179 253 332
178 254 333
178 255 334
179 256 335
178 257 336
177 257 337
177 257 338
177 257 339
178 256 340
179 255 341
179 255 342
179 255 343
179 255 344
180 255 345
181 255 346
182 256 347
183 257 348
184 258 349
184 259 350
183 260 351
183 260 352
184 260 353
185 261 354
186 262 355
186 263 356
186 264 357
186 265 358
185 266 359
185 267 360
186 268 361
185 268 362
185 269 363
184 270 364
183 269 365
183 270 366
183 271 367
182 272 368
181 272 369
180 273 370
179 274 371
178 275 372
177 276 372
176 277 371
176 278 371
176 279 371
176 280 371
176 281 371
176 282 370
176 283 369
177 284 369
178 285 368
179 286 367
180 287 366
181 288 365
182 289 365
183 290 366
184 291 366
185 291 366
186 291 366
187 291 365
188 292 364
189 292 363
190 293 363
191 292 362
192 292 363
193 292 362
194 292 363
195 292 362
196 292 363
197 291 363
198 290 363
199 290 363
200 290 364
201 289 365
202 289 366
203 290 366
204 290 366
205 290 367
206 289 367
207 290 367
208 290 367
209 289 367
210 288 368
211 287 368
212 286 369
213 285 370
214 284 371
215 283 372
216 282 373
217 281 374
218 280 375
219 279 375
220 278 376
221 277 376
222 276 377
223 275 378
224 274 378
225 273 378
226 272 379
227 271 380
228 270 381
229 269 382
229 268 383
229 267 384
230 266 385
231 265 386
230 264 386
231 263 387
232 262 388
233 261 389
234 260 390
233 259 391
234 258 392
235 257 392
236 256 393
236 255 394
236 254 395
236 253 396
236 252 397
237 251 398
238 250 399
238 249 400
238 248 401
239 247 402
240 246 403
240 246 404
241 247 405
242 246 406
243 246 407
244 245 408
245 244 409
246 244 410
247 244 410
248 243 410
249 242 410
250 241 410
251 240 411
252 239 412
253 239 411
254 240 410
255 241 409
256 242 408
257 243 407
258 244 406
259 245 405
260 246 406
261 247 406
262 248 405
263 248 406
264 247 407
265 248 408
266 247 408
267 248 409
268 247 410
269 246 410
270 245 411
271 244 412
272 243 413
271 242 414
272 241 415
271 240 415
270 239 415
269 238 416
268 237 416
267 236 417
266 235 417
265 234 418
264 234 418
263 233 419
262 233 420
261 232 421
260 231 422
259 231 422
258 231 423
257 230 424
