268 249 72
268 248 73
268 248 74
267 247 75
266 247 76
266 247 77
266 247 78
266 246 79
266 246 80
266 246 81
266 246 82
266 246 83
265 245 84
265 245 85
265 245 86
265 245 87
266 245 88
266 245 89
266 245 90
266 245 91
266 244 92
266 244 93
266 244 94
266 244 95
266 244 96
266 244 97
267 244 98
266 244 99
266 244 100
266 244 101
266 243 102
266 243 103
265 243 104
265 243 105
265 243 106
265 243 107
265 243 108
265 243 109
265 242 110
265 242 111
264 242 112
264 241 113
264 240 114
265 239 115
265 238 116
264 237 117
263 237 118
263 237 119
262 237 120
261 237 121
260 236 122
259 236 122
258 235 122
257 234 123
256 233 123
255 232 123
254 232 124
253 232 124
252 232 124
251 231 124
250 231 124
249 230 124
248 230 124
247 230 124
246 230 124
245 229 124
244 229 125
243 229 125
242 230 125
241 230 125
240 229 125
239 229 124
238 229 124
237 229 124
236 229 124
235 228 123
234 228 123
233 227 123
232 228 123
231 228 123
230 228 122
229 229 122
228 229 122
227 229 121
226 230 121
225 230 121
224 231 121
223 230 120
222 230 120
221 231 120
220 231 119
219 231 119
218 231 118
217 232 119
216 232 118
215 233 118
214 234 118
213 234 118
212 234 117
211 234 117
210 235 118
209 236 118
208 237 117
207 238 116
205 238 115
204 238 115
203 238 115
202 238 116
201 238 116
200 238 116
199 237 116
198 237 116
197 237 116
196 237 116
195 237 116
194 237 116
193 238 117
192 238 117
191 238 117
190 238 117
189 238 117
188 239 118
187 240 118
186 239 118
185 239 118
184 240 119
183 241 119
182 241 120
181 242 121
180 243 122
179 244 123
178 245 124
177 246 125
177 247 126
176 247 127
175 247 128
175 248 129
174 249 130
174 250 131
173 249 132
173 250 133
173 251 134
173 251 135
172 252 136
172 252 137
172 253 138
173 252 139
173 252 140
173 252 141
173 252 142
173 253 143
173 253 144
173 253 145
173 253 146
174 253 147
174 254 148
175 254 149
175 254 150
175 254 151
176 255 152
176 254 153
176 254 154
177 254 155
177 253 156
177 253 157
177 253 158
178 253 159
178 253 160
179 253 161
179 253 162
180 253 163
180 253 164
181 253 165
181 253 166
181 253 167
182 254 168
182 253 169
182 253 170
183 253 171
183 253 172
183 253 173
183 252 174
184 253 175
184 253 176
184 253 177
185 253 178
185 253 179
185 252 180
186 253 181
186 252 182
186 252 183
186 251 184
186 251 185
187 251 186
186 250 187
186 250 188
186 250 189
186 250 190
186 250 191
186 249 192
186 248 193
186 248 194
186 247 195
186 246 196
186 245 197
185 245 198
184 245 199
184 245 200
184 245 201
183 245 202
183 244 203
184 243 204
183 243 205
183 243 206
183 242 207
182 242 208
182 242 209
182 242 210
182 241 211
181 241 212
181 241 213
181 240 214
180 240 215
180 240 216
180 239 217
180 238 218
180 238 219
180 238 220
180 237 221
180 237 222
179 237 223
178 237 224
178 237 225
178 236 226
177 236 227
177 236 228
177 235 229
177 235 230
176 235 231
176 234 232
175 234 233
175 234 234
174 234 235
175 233 236
175 232 237
174 232 238
173 232 239
172 231 240
172 230 241
171 230 242
172 229 243
171 229 244
171 228 245
171 228 246
171 227 247
171 227 248
170 227 249
170 226 250
170 225 251
170 225 252
169 225 253
168 225 254
169 224 255
169 223 256
169 223 257
168 224 258
168 223 259
168 223 260
168 223 261
168 223 262
168 222 263
168 222 264
167 223 265
166 224 265
166 225 266
165 226 267
166 227 268
166 228 269
166 229 270
167 229 271
166 230 272
165 231 273
164 232 274
163 232 275
162 232 276
162 232 277
162 232 278
162 232 279
161 232 280
161 232 281
161 232 282
161 232 283
161 232 284
161 232 285
161 232 286
161 232 287
162 232 288
162 232 290
162 233 291
162 233 292
163 234 293
163 234 294
163 234 295
162 234 296
162 234 297
163 235 298
163 235 299
163 235 300
162 235 301
163 235 302
162 235 303
162 235 304
162 235 305
162 235 306
162 235 307
162 236 308
162 236 309
162 236 310
161 236 311
161 236 312
161 236 313
161 236 314
161 236 315
160 236 316
160 236 317
160 235 318
161 235 319
161 235 320
160 234 321
161 234 322
161 233 323
161 233 324
162 233 325
162 232 326
163 232 327
163 231 328
164 231 329
164 230 330
165 229 331
166 229 332
166 228 333
167 228 334
168 227 335
168 227 336
169 227 337
170 226 338
171 227 339
171 226 340
172 226 341
173 226 342
174 226 343
174 227 344
175 227 345
176 227 346
176 228 347
177 228 348
178 228 349
179 228 350
179 229 351
180 229 352
181 228 353
181 229 354
182 229 355
182 230 356
183 230 357
184 230 358
184 231 359
185 230 360
185 231 361
186 231 362
186 231 363
187 231 364
187 231 365
187 231 366
187 231 367
187 231 368
187 231 369
187 231 370
187 231 371
187 231 372
187 231 373
187 231 374
188 231 375
188 231 376
188 231 377
188 231 378
188 231 379
188 231 380
188 231 381
188 230 382
188 230 383
188 230 384
188 230 385
187 230 386
187 230 387
187 230 388
187 229 389
187 229 390
187 229 391
187 229 392
186 229 393
186 230 394
186 229 395
185 229 396
185 229 397
184 229 398
184 230 399
183 230 400
183 230 401
182 230 402
181 231 403
181 231 404
180 232 405
179 232 406
179 233 407
178 233 408
177 233 409
177 232 410
176 232 411
175 232 412
174 232 413
173 231 414
173 230 415
173 229 416
173 228 417
174 227 418
175 226 419
176 225 420
177 225 420
178 225 419
179 224 420
180 223 421
181 223 421
182 222 421
183 222 421
184 222 422
185 221 421
186 221 422
187 221 422
188 220 422
189 220 422
190 219 422
191 219 422
192 218 422
193 218 421
194 218 421
195 217 421
196 217 421
197 216 421
198 216 421
199 215 421
200 215 420
201 214 420
202 213 420
203 212 420
204 212 420
205 211 420
206 210 421
207 209 421
208 208 422
209 208 422
210 207 422
211 207 422
212 206 423
213 206 423
214 206 424
215 207 424
216 207 424
217 207 425
218 207 426
218 206 427
219 207 428
220 207 429
220 208 430
220 208 431
220 208 432
220 208 433
220 208 434
219 208 435
219 207 436
219 207 437
218 206 438
217 206 439
216 205 439
215 204 439
214 203 440
214 202 441
213 201 440
212 200 440
211 199 441
212 198 441
212 197 441
212 196 441
211 195 440
212 194 441
212 193 441
212 192 441
212 191 441
212 190 441
212 189 441
211 188 441
210 188 441
209 188 442
208 188 443
207 189 444
206 189 445
205 190 446
204 191 447
203 192 448
202 193 449
201 194 450
200 194 451
199 195 452
198 194 453
197 195 454
197 196 455
197 197 455
196 198 456
196 199 456
195 200 456
194 201 457
193 201 458
192 202 459
191 203 459
190 203 460
189 203 461
188 203 461
187 203 462
