268 249 72
268 248 73
268 248 74
267 247 75
266 247 76
266 247 77
266 247 78
266 246 79
266 246 80
266 246 81
266 246 82
266 246 83
265 245 84
265 245 85
265 245 86
265 245 87
266 245 88
266 245 89
266 245 90
266 245 91
266 244 92
266 244 93
266 244 94
266 244 95
266 244 96
266 244 97
267 244 98
266 244 99
266 244 100
266 244 101
266 243 102
266 243 103
265 243 104
265 243 105
265 243 106
265 243 107
265 243 108
265 243 109
265 242 110
265 242 111
264 242 112
264 241 113
264 240 114
265 239 115
265 238 116
264 237 117
263 237 118
263 237 119
262 237 120
261 237 121
260 236 122
259 236 122
258 235 122
257 234 123
256 233 123
255 232 123
254 232 124
253 232 124
252 232 124
251 231 124
250 231 124
249 230 124
248 230 124
247 230 124
246 230 124
245 229 124
244 229 125
243 229 125
242 230 125
241 230 125
240 229 125
239 229 124
238 229 124
237 229 124
236 229 124
235 228 123
234 228 123
233 227 123
232 228 123
231 228 123
230 228 122
229 229 122
228 229 122
227 229 121
226 230 121
225 230 121
224 231 121
223 230 120
222 230 120
221 231 120
220 231 119
219 231 119
218 231 118
217 232 119
216 232 118
215 233 118
214 234 118
213 234 118
212 234 117
211 234 117
210 235 117
209 236 116
208 236 116
207 237 115
206 238 115
206 239 115
206 240 114
206 241 114
206 242 114
206 243 114
206 244 113
205 245 113
204 246 112
205 247 113
204 248 112
204 249 112
204 250 112
204 251 112
204 252 112
204 253 112
204 254 112
204 255 112
204 256 112
204 257 112
204 258 112
203 259 111
202 261 112
202 262 112
201 263 112
200 264 112
199 264 112
198 265 113
197 266 113
196 267 113
195 268 114
195 269 115
194 270 116
194 271 116
193 272 117
193 273 118
192 273 119
191 274 120
190 275 121
189 275 122
188 275 123
188 276 124
187 277 125
187 278 126
186 278 127
185 278 127
184 278 128
183 278 129
182 278 130
182 278 131
181 278 132
181 279 133
180 279 134
180 279 135
179 279 136
179 279 137
178 279 138
177 279 139
177 279 140
176 279 141
176 279 142
176 279 143
175 279 144
174 280 145
173 281 146
173 282 146
174 283 146
174 284 146
174 285 147
174 286 148
175 288 150
175 289 150
175 290 151
176 291 152
176 292 153
177 293 153
178 294 153
179 295 154
179 296 154
180 297 155
181 297 155
182 298 156
183 298 157
184 299 157
185 299 158
186 300 159
187 300 159
188 300 160
189 300 161
190 300 162
191 299 163
191 298 164
192 298 165
192 297 166
193 296 167
193 296 168
194 295 169
195 294 170
196 294 171
196 293 172
196 292 173
196 291 174
197 290 175
198 289 176
197 288 176
198 287 177
198 286 178
198 285 179
198 284 180
198 283 181
197 283 182
197 282 183
197 282 184
196 282 185
196 282 186
196 283 187
195 282 188
195 282 189
195 282 190
195 283 191
195 283 192
195 283 193
195 283 194
195 283 195
194 283 196
194 283 197
194 283 198
194 284 199
194 284 200
194 284 201
195 284 202
195 284 203
195 285 204
195 285 205
195 285 206
196 285 207
196 285 208
196 285 209
197 285 210
197 285 211
197 285 212
198 284 213
199 283 214
199 282 215
199 281 215
199 280 216
199 279 217
199 278 217
199 277 217
198 276 218
198 275 219
197 275 220
196 274 221
196 273 222
196 273 223
195 272 224
195 272 225
195 271 226
195 271 227
196 270 228
196 269 229
196 269 230
196 268 231
196 268 232
197 267 233
197 267 234
197 266 235
197 266 236
198 265 237
198 265 238
198 265 239
198 265 240
198 264 241
198 264 242
199 263 243
198 263 244
199 263 245
199 262 246
199 262 247
199 262 248
200 262 249
199 261 250
199 261 251
200 261 252
200 260 253
199 260 254
200 259 255
200 259 256
200 259 257
199 258 258
199 258 259
198 258 260
198 258 261
198 258 262
198 258 263
198 258 264
198 258 265
197 258 266
197 258 267
197 258 268
198 258 269
198 258 270
197 257 271
197 257 272
198 257 273
198 257 274
198 256 275
198 256 276
198 255 277
198 255 278
198 255 279
198 254 281
198 254 282
199 254 283
199 253 284
198 253 285
199 252 286
199 252 287
199 252 288
199 251 289
200 251 290
200 251 291
200 251 292
201 250 293
201 250 294
201 250 295
201 249 296
201 249 297
201 249 298
201 248 299
201 248 300
201 248 301
201 247 302
201 247 303
201 246 304
201 246 305
201 245 306
200 245 307
200 244 308
199 244 309
200 243 310
199 243 311
199 243 312
199 242 313
199 242 314
199 242 315
199 241 316
199 241 317
199 241 318
200 241 319
199 240 320
199 240 321
200 240 322
200 240 323
200 240 324
200 241 325
200 241 326
200 241 327
199 242 328
198 242 329
197 243 329
196 244 329
195 244 329
194 244 329
193 244 329
192 244 329
191 244 329
190 244 329
189 244 328
188 244 328
187 244 328
186 245 328
185 245 328
184 245 328
183 246 328
182 246 328
181 247 328
181 248 328
180 249 329
179 250 329
179 251 329
178 252 330
178 253 330
177 254 331
177 255 331
177 256 332
177 257 333
178 258 334
177 258 335
178 258 336
178 258 337
178 258 338
179 258 339
180 259 340
179 258 341
180 258 342
181 258 343
180 257 344
181 257 345
181 257 346
182 257 347
182 257 348
182 257 349
183 257 350
183 257 351
183 258 352
184 258 353
185 259 354
185 260 355
185 260 356
186 261 357
186 262 358
186 263 359
186 264 359
186 265 360
186 266 361
185 266 362
185 267 363
185 268 364
184 268 365
184 269 366
184 270 367
183 270 368
182 270 369
182 271 370
181 272 371
180 272 372
179 273 373
178 274 373
177 275 373
176 276 372
176 277 372
175 278 372
174 279 372
175 280 371
174 281 371
174 282 371
174 283 370
174 284 370
175 285 369
175 286 368
175 287 367
176 288 367
177 288 367
178 289 366
179 290 365
180 291 365
181 292 365
182 293 364
183 293 364
184 293 364
185 293 364
186 293 364
187 293 364
188 293 364
189 293 364
190 293 364
191 293 364
192 293 363
193 293 363
194 293 363
195 292 363
196 292 364
197 292 364
198 292 364
199 292 364
200 291 364
201 291 364
202 290 364
203 290 365
204 290 365
205 290 365
206 289 366
207 289 366
208 288 366
209 287 367
210 287 368
211 286 368
212 285 369
213 285 369
214 284 370
214 283 370
215 282 371
216 281 372
216 280 373
217 279 373
218 278 374
219 277 375
220 277 375
221 276 375
222 275 376
223 275 377
224 274 377
225 273 377
226 273 378
227 272 379
228 271 380
229 270 381
230 269 382
230 268 383
231 267 383
231 266 384
231 265 385
231 264 386
231 263 386
231 262 387
231 261 388
232 260 389
233 259 390
234 258 391
234 257 392
234 256 393
234 256 394
234 255 395
234 254 396
235 253 396
235 252 397
235 251 398
236 250 399
237 249 400
237 248 401
238 248 402
238 247 403
239 247 404
239 246 405
240 246 406
241 246 406
242 246 407
242 245 408
243 244 408
244 243 409
245 243 409
246 243 409
247 243 409
248 242 409
249 241 409
250 240 408
251 240 409
252 241 408
253 241 408
254 242 407
255 243 407
256 244 407
257 244 407
258 245 406
259 246 406
260 247 406
261 246 406
262 246 406
263 247 407
264 248 407
265 248 407
266 248 408
267 248 408
268 247 409
269 246 410
270 245 411
271 244 412
272 243 413
271 242 414
271 241 414
271 240 415
270 239 415
269 238 416
268 237 416
267 236 417
266 235 417
265 234 418
264 234 418
263 233 419
262 233 420
261 232 421
260 231 422
259 231 422
258 231 423
257 230 424
